2789344
3357431
2842410
2231549
3067397
3285017
3473266
3503586
3356370
2259181
2799205
2992319
2418731
3484674
2926904
2686223
2860353
3189234
2937590
2659209
3576516
3129695
3462112
2164508
3418749
3028519
2819815
3288730
3618364
3446277
2692643
2647214
3349353
1867069
2943393
3103808
3399774
3529835
2943037
2456258
3305502
3299551
2221019
2625139
3525609
3460891
1425669
3218330
2652374
2555191
3288041
2690439
3426956
2892601
3138857
2800836
2734217
2661027
2897328
2879103
2994288
3289141
1865295
2830335
2733158
3193421
2728807
2380317
2891709
2696067
1974354
3221787
2992365
2937728
3187613
3307522
974757
3387089
2587660
3288633
3407522
2596327
2316623
2315361
3298506
3391619
2652679
3252402
3217135
2481284
3269696
3212632
2772598
2027090
2621642
2826690
2853898
2702804
3455507
2194635
2869292
2253902
2438756
2564233
2765444
2561765
2636589
2765285
3281931
1700315
2633269
1701621
2882175
2507533
2719470
2970644
2869289
2941799
2795038
3095162
3569095
3247026
3108759
2518192
2728258
3451351
3545768
3118381
3214564
2357595
2782552
2599904
3588952
2459881
3272175
3213097
2887538
2584778
3433639
1049343
2670127
3457048
2865864
1195734
2300250
2965729
3246899
3182470
2430598
1815524
2813453
3249836
3154510
2748511
2231991
2799133
2221287
2663470
2668560
2448434
2982428
3054747
2839748
2715751
2093859
2975490
2840742
2627790
2647874
2141481
2466957
2825742
3263564
3005453
3609201
2801012
3310402
3180255
3234786
2983838
3240812
3208147
1930466
3182544
3252410
3090450
3444674
3498427
2144418
2783529
1891130
2874698
3184957
2882535
3287600
2375027
3512302
3520744
3513179
3017853
2752611
3245988
3505928
2150821
3343910
3301342
3530175
3394711
3576477
3476738
2404569
3464407
2743057
2111374
3176660
2519444
3501596
3383077
3352289
3575593
3610262
2562340
3340978
3224959
2801654
2941755
3190716
2824671
1944994
3472828
3308028
3466018
2711522
2630410
3158142
2978602
3517419
3324084
2857726
2885684
2327662
578863
2807317
2824470
2650329
2487970
3422045
2479416
3255609
3126358
3059675
3443800
2460991
2858099
2507441
426231
1016728
2575808
2944191
1468764
3364168
2421661
3255504
2042404
3566613
3307840
3391134
2757428
3407347
2803161
